name: base
channels:
  - conda-forge
  - defaults
dependencies:
  - beautifulsoup4=4.11.1=py310haa95532_0
  - brotlipy=0.7.0=py310h2bbff1b_1002
  - bzip2=1.0.8=he774522_0
  - ca-certificates=2022.10.11=haa95532_0
  - certifi=2022.12.7=py310haa95532_0
  - cffi=1.15.1=py310h2bbff1b_3
  - chardet=4.0.0=py310haa95532_1003
  - charset-normalizer=2.0.4=pyhd3eb1b0_0
  - colorama=0.4.5=py310haa95532_0
  - conda=22.11.1=py310haa95532_4
  - conda-build=3.23.3=py310haa95532_0
  - conda-content-trust=0.1.3=py310haa95532_0
  - conda-package-handling=1.9.0=py310h8cc25b3_1
  - console_shortcut_miniconda=0.1.1=haa95532_0
  - cryptography=38.0.1=py310h21b164f_0
  - filelock=3.9.0=py310haa95532_0
  - glob2=0.7=pyhd3eb1b0_0
  - idna=3.4=py310haa95532_0
  - jinja2=2.11.3=pyhd3eb1b0_0
  - libarchive=3.6.1=hebabd0d_0
  - libffi=3.4.2=hd77b12b_6
  - libiconv=1.16=h2bbff1b_2
  - liblief=0.12.3=hd77b12b_0
  - libxml2=2.9.14=h0ad7f3c_0
  - lz4-c=1.9.4=h2bbff1b_0
  - m2-msys2-runtime=2.5.0.17080.65c939c=3
  - m2-patch=2.7.5=2
  - markupsafe=2.0.1=py310h2bbff1b_0
  - menuinst=1.4.19=py310h59b6b97_0
  - msys2-conda-epoch=20160418=1
  - openssl=1.1.1s=h2bbff1b_0
  - pip=22.3.1=py310haa95532_0
  - pkginfo=1.8.3=py310haa95532_0
  - pluggy=1.0.0=py310haa95532_1
  - powershell_shortcut_miniconda=0.0.1=haa95532_0
  - psutil=5.9.0=py310h2bbff1b_0
  - py-lief=0.12.3=py310hd77b12b_0
  - pycosat=0.6.4=py310h2bbff1b_0
  - pycparser=2.21=pyhd3eb1b0_0
  - pyopenssl=22.0.0=pyhd3eb1b0_0
  - pysocks=1.7.1=py310haa95532_0
  - python=3.10.8=h966fe2a_1
  - python-libarchive-c=2.9=pyhd3eb1b0_1
  - pytz=2022.7=py310haa95532_0
  - pyyaml=6.0=py310h2bbff1b_1
  - requests=2.28.1=py310haa95532_0
  - ruamel.yaml=0.17.21=py310h2bbff1b_0
  - ruamel.yaml.clib=0.2.6=py310h2bbff1b_1
  - setuptools=65.5.0=py310haa95532_0
  - six=1.16.0=pyhd3eb1b0_1
  - soupsieve=2.3.2.post1=py310haa95532_0
  - sqlite=3.40.0=h2bbff1b_0
  - tk=8.6.12=h2bbff1b_0
  - toml=0.10.2=pyhd3eb1b0_0
  - toolz=0.12.0=py310haa95532_0
  - tqdm=4.64.1=py310haa95532_0
  - tzdata=2022g=h04d1e81_0
  - urllib3=1.26.13=py310haa95532_0
  - vc=14.2=h21ff451_1
  - vs2015_runtime=14.27.29016=h5e58377_2
  - wheel=0.37.1=pyhd3eb1b0_0
  - win_inet_pton=1.1.0=py310haa95532_0
  - wincertstore=0.2=py310haa95532_2
  - xz=5.2.8=h8cc25b3_0
  - yaml=0.2.5=he774522_0
  - zlib=1.2.13=h8cc25b3_0
  - zstd=1.5.2=h19a0ad4_0
prefix: C:\Users\blair\miniconda3
